{
 "cells": [
  {
   "cell_type": "code",
   "execution_count": 1,
   "metadata": {},
   "outputs": [],
   "source": [
    "# Data\n",
    "#import numpy as np\n",
    "import pandas as pd\n",
    "\n",
    "# Visualization\n",
    "import matplotlib.pyplot as plt\n",
    "import seaborn as sns"
   ]
  },
  {
   "cell_type": "code",
   "execution_count": 2,
   "metadata": {},
   "outputs": [],
   "source": [
    "raw_data = pd.read_csv(\"C:/Users/wooji/OneDrive/바탕 화면/새 폴더/파이썬/설문조사_참여현황(v0711).csv\")"
   ]
  },
  {
   "cell_type": "code",
   "execution_count": 3,
   "metadata": {
    "scrolled": true
   },
   "outputs": [],
   "source": [
    "#raw_data.head()"
   ]
  },
  {
   "cell_type": "markdown",
   "metadata": {},
   "source": [
    "## DataFrame"
   ]
  },
  {
   "cell_type": "markdown",
   "metadata": {},
   "source": [
    "Q1: 입주형태\n",
    "Q2: 입주기간\n",
    "Q3: 코로나악영향\n",
    "Q4: 개선됨?\n",
    "Q5-7: 시설수요 1-3\n",
    "Q8: 매출증가(종속)\n",
    "Q9: 고용증가(종속)\n",
    "Q10: 비용절감(종속)"
   ]
  },
  {
   "cell_type": "code",
   "execution_count": 4,
   "metadata": {
    "scrolled": false
   },
   "outputs": [
    {
     "data": {
      "text/html": [
       "<div>\n",
       "<style scoped>\n",
       "    .dataframe tbody tr th:only-of-type {\n",
       "        vertical-align: middle;\n",
       "    }\n",
       "\n",
       "    .dataframe tbody tr th {\n",
       "        vertical-align: top;\n",
       "    }\n",
       "\n",
       "    .dataframe thead th {\n",
       "        text-align: right;\n",
       "    }\n",
       "</style>\n",
       "<table border=\"1\" class=\"dataframe\">\n",
       "  <thead>\n",
       "    <tr style=\"text-align: right;\">\n",
       "      <th></th>\n",
       "      <th>Q1</th>\n",
       "      <th>Q2</th>\n",
       "      <th>Q3</th>\n",
       "      <th>Q4</th>\n",
       "      <th>Q5</th>\n",
       "      <th>Q6</th>\n",
       "      <th>Q7</th>\n",
       "      <th>Q8</th>\n",
       "      <th>Q9</th>\n",
       "      <th>Q10</th>\n",
       "      <th>Q11</th>\n",
       "      <th>Q12</th>\n",
       "      <th>Q13</th>\n",
       "      <th>Q14</th>\n",
       "      <th>Q15</th>\n",
       "      <th>Q16</th>\n",
       "      <th>Q17</th>\n",
       "      <th>Q18</th>\n",
       "      <th>Q19</th>\n",
       "    </tr>\n",
       "  </thead>\n",
       "  <tbody>\n",
       "    <tr>\n",
       "      <th>2</th>\n",
       "      <td>1</td>\n",
       "      <td>1</td>\n",
       "      <td>2</td>\n",
       "      <td>4</td>\n",
       "      <td>1</td>\n",
       "      <td>5</td>\n",
       "      <td>1</td>\n",
       "      <td>2</td>\n",
       "      <td>2.0</td>\n",
       "      <td>3.0</td>\n",
       "      <td>3.0</td>\n",
       "      <td>3</td>\n",
       "      <td>2</td>\n",
       "      <td>2</td>\n",
       "      <td>2</td>\n",
       "      <td>2</td>\n",
       "      <td>3</td>\n",
       "      <td>5</td>\n",
       "      <td>1</td>\n",
       "    </tr>\n",
       "    <tr>\n",
       "      <th>3</th>\n",
       "      <td>1</td>\n",
       "      <td>1</td>\n",
       "      <td>2</td>\n",
       "      <td>3</td>\n",
       "      <td>3</td>\n",
       "      <td>1</td>\n",
       "      <td>5</td>\n",
       "      <td>3</td>\n",
       "      <td>3.0</td>\n",
       "      <td>3.0</td>\n",
       "      <td>3.0</td>\n",
       "      <td>2</td>\n",
       "      <td>3</td>\n",
       "      <td>2</td>\n",
       "      <td>2</td>\n",
       "      <td>2</td>\n",
       "      <td>2</td>\n",
       "      <td>3</td>\n",
       "      <td>2</td>\n",
       "    </tr>\n",
       "    <tr>\n",
       "      <th>4</th>\n",
       "      <td>2</td>\n",
       "      <td>2</td>\n",
       "      <td>1</td>\n",
       "      <td>2</td>\n",
       "      <td>4</td>\n",
       "      <td>1</td>\n",
       "      <td>5</td>\n",
       "      <td>2</td>\n",
       "      <td>3.0</td>\n",
       "      <td>2.0</td>\n",
       "      <td>3.0</td>\n",
       "      <td>3</td>\n",
       "      <td>3</td>\n",
       "      <td>2</td>\n",
       "      <td>2</td>\n",
       "      <td>3</td>\n",
       "      <td>3</td>\n",
       "      <td>2</td>\n",
       "      <td>2</td>\n",
       "    </tr>\n",
       "    <tr>\n",
       "      <th>5</th>\n",
       "      <td>1</td>\n",
       "      <td>1</td>\n",
       "      <td>2</td>\n",
       "      <td>4</td>\n",
       "      <td>5</td>\n",
       "      <td>2</td>\n",
       "      <td>3</td>\n",
       "      <td>3</td>\n",
       "      <td>3.0</td>\n",
       "      <td>2.0</td>\n",
       "      <td>3.0</td>\n",
       "      <td>2</td>\n",
       "      <td>3</td>\n",
       "      <td>3</td>\n",
       "      <td>3</td>\n",
       "      <td>2</td>\n",
       "      <td>2</td>\n",
       "      <td>3</td>\n",
       "      <td>2</td>\n",
       "    </tr>\n",
       "    <tr>\n",
       "      <th>6</th>\n",
       "      <td>1</td>\n",
       "      <td>1</td>\n",
       "      <td>1</td>\n",
       "      <td>5</td>\n",
       "      <td>1</td>\n",
       "      <td>2</td>\n",
       "      <td>5</td>\n",
       "      <td>2</td>\n",
       "      <td>5.0</td>\n",
       "      <td>2.0</td>\n",
       "      <td>3.0</td>\n",
       "      <td>2</td>\n",
       "      <td>3</td>\n",
       "      <td>3</td>\n",
       "      <td>3</td>\n",
       "      <td>2</td>\n",
       "      <td>2</td>\n",
       "      <td>2</td>\n",
       "      <td>2</td>\n",
       "    </tr>\n",
       "    <tr>\n",
       "      <th>...</th>\n",
       "      <td>...</td>\n",
       "      <td>...</td>\n",
       "      <td>...</td>\n",
       "      <td>...</td>\n",
       "      <td>...</td>\n",
       "      <td>...</td>\n",
       "      <td>...</td>\n",
       "      <td>...</td>\n",
       "      <td>...</td>\n",
       "      <td>...</td>\n",
       "      <td>...</td>\n",
       "      <td>...</td>\n",
       "      <td>...</td>\n",
       "      <td>...</td>\n",
       "      <td>...</td>\n",
       "      <td>...</td>\n",
       "      <td>...</td>\n",
       "      <td>...</td>\n",
       "      <td>...</td>\n",
       "    </tr>\n",
       "    <tr>\n",
       "      <th>269</th>\n",
       "      <td>1</td>\n",
       "      <td>1</td>\n",
       "      <td>3</td>\n",
       "      <td>2</td>\n",
       "      <td>1</td>\n",
       "      <td>5</td>\n",
       "      <td>3</td>\n",
       "      <td>3</td>\n",
       "      <td>4.0</td>\n",
       "      <td>3.0</td>\n",
       "      <td>4.0</td>\n",
       "      <td>3</td>\n",
       "      <td>3</td>\n",
       "      <td>3</td>\n",
       "      <td>3</td>\n",
       "      <td>2</td>\n",
       "      <td>4</td>\n",
       "      <td>2</td>\n",
       "      <td>1</td>\n",
       "    </tr>\n",
       "    <tr>\n",
       "      <th>270</th>\n",
       "      <td>1</td>\n",
       "      <td>1</td>\n",
       "      <td>1</td>\n",
       "      <td>1</td>\n",
       "      <td>1</td>\n",
       "      <td>2</td>\n",
       "      <td>5</td>\n",
       "      <td>3</td>\n",
       "      <td>3.0</td>\n",
       "      <td>3.0</td>\n",
       "      <td>3.0</td>\n",
       "      <td>3</td>\n",
       "      <td>1</td>\n",
       "      <td>3</td>\n",
       "      <td>3</td>\n",
       "      <td>2</td>\n",
       "      <td>3</td>\n",
       "      <td>3</td>\n",
       "      <td>1</td>\n",
       "    </tr>\n",
       "    <tr>\n",
       "      <th>271</th>\n",
       "      <td>1</td>\n",
       "      <td>1</td>\n",
       "      <td>2</td>\n",
       "      <td>4</td>\n",
       "      <td>5</td>\n",
       "      <td>2</td>\n",
       "      <td>1</td>\n",
       "      <td>5</td>\n",
       "      <td>2.0</td>\n",
       "      <td>3.0</td>\n",
       "      <td>4.0</td>\n",
       "      <td>4</td>\n",
       "      <td>3</td>\n",
       "      <td>2</td>\n",
       "      <td>2</td>\n",
       "      <td>2</td>\n",
       "      <td>4</td>\n",
       "      <td>3</td>\n",
       "      <td>2</td>\n",
       "    </tr>\n",
       "    <tr>\n",
       "      <th>272</th>\n",
       "      <td>1</td>\n",
       "      <td>2</td>\n",
       "      <td>1</td>\n",
       "      <td>3</td>\n",
       "      <td>5</td>\n",
       "      <td>4</td>\n",
       "      <td>1</td>\n",
       "      <td>1</td>\n",
       "      <td>1.0</td>\n",
       "      <td>1.0</td>\n",
       "      <td>1.0</td>\n",
       "      <td>5</td>\n",
       "      <td>4</td>\n",
       "      <td>2</td>\n",
       "      <td>4</td>\n",
       "      <td>5</td>\n",
       "      <td>5</td>\n",
       "      <td>1</td>\n",
       "      <td>1</td>\n",
       "    </tr>\n",
       "    <tr>\n",
       "      <th>273</th>\n",
       "      <td>2</td>\n",
       "      <td>1</td>\n",
       "      <td>1</td>\n",
       "      <td>3</td>\n",
       "      <td>3</td>\n",
       "      <td>5</td>\n",
       "      <td>2</td>\n",
       "      <td>4</td>\n",
       "      <td>4.0</td>\n",
       "      <td>3.0</td>\n",
       "      <td>4.0</td>\n",
       "      <td>4</td>\n",
       "      <td>3</td>\n",
       "      <td>4</td>\n",
       "      <td>4</td>\n",
       "      <td>4</td>\n",
       "      <td>3</td>\n",
       "      <td>4</td>\n",
       "      <td>2</td>\n",
       "    </tr>\n",
       "  </tbody>\n",
       "</table>\n",
       "<p>272 rows × 19 columns</p>\n",
       "</div>"
      ],
      "text/plain": [
       "    Q1 Q2 Q3 Q4 Q5 Q6 Q7 Q8   Q9  Q10  Q11 Q12 Q13 Q14 Q15 Q16 Q17 Q18 Q19\n",
       "2    1  1  2  4  1  5  1  2  2.0  3.0  3.0   3   2   2   2   2   3   5   1\n",
       "3    1  1  2  3  3  1  5  3  3.0  3.0  3.0   2   3   2   2   2   2   3   2\n",
       "4    2  2  1  2  4  1  5  2  3.0  2.0  3.0   3   3   2   2   3   3   2   2\n",
       "5    1  1  2  4  5  2  3  3  3.0  2.0  3.0   2   3   3   3   2   2   3   2\n",
       "6    1  1  1  5  1  2  5  2  5.0  2.0  3.0   2   3   3   3   2   2   2   2\n",
       "..  .. .. .. .. .. .. .. ..  ...  ...  ...  ..  ..  ..  ..  ..  ..  ..  ..\n",
       "269  1  1  3  2  1  5  3  3  4.0  3.0  4.0   3   3   3   3   2   4   2   1\n",
       "270  1  1  1  1  1  2  5  3  3.0  3.0  3.0   3   1   3   3   2   3   3   1\n",
       "271  1  1  2  4  5  2  1  5  2.0  3.0  4.0   4   3   2   2   2   4   3   2\n",
       "272  1  2  1  3  5  4  1  1  1.0  1.0  1.0   5   4   2   4   5   5   1   1\n",
       "273  2  1  1  3  3  5  2  4  4.0  3.0  4.0   4   3   4   4   4   3   4   2\n",
       "\n",
       "[272 rows x 19 columns]"
      ]
     },
     "execution_count": 4,
     "metadata": {},
     "output_type": "execute_result"
    }
   ],
   "source": [
    "## 데이터프레임\n",
    "\n",
    "data = raw_data.drop(index=[0, 1], axis=0)\n",
    "data = data.drop([data.columns[0], data.columns[1], data.columns[2], data.columns[22]], axis=1)\n",
    "#data\n",
    "\n",
    "data.columns=[\"Q1\", \"Q2\", \"Q3\",\"Q4\",\"Q5\",\"Q6\",\"Q7\",\"Q8\",\"Q9\",\"Q10\",\\\n",
    "              \"Q11\",\"Q12\",\"Q13\",\"Q14\",\"Q15\",\"Q16\",\"Q17\",\"Q18\",\"Q19\"]\n",
    "data"
   ]
  },
  {
   "cell_type": "code",
   "execution_count": 5,
   "metadata": {},
   "outputs": [
    {
     "data": {
      "text/plain": [
       "Q1     int32\n",
       "Q2     int32\n",
       "Q3     int32\n",
       "Q4     int32\n",
       "Q5     int32\n",
       "Q6     int32\n",
       "Q7     int32\n",
       "Q8     int32\n",
       "Q9     int32\n",
       "Q10    int32\n",
       "Q11    int32\n",
       "Q12    int32\n",
       "Q13    int32\n",
       "Q14    int32\n",
       "Q15    int32\n",
       "Q16    int32\n",
       "Q17    int32\n",
       "Q18    int32\n",
       "Q19    int32\n",
       "dtype: object"
      ]
     },
     "execution_count": 5,
     "metadata": {},
     "output_type": "execute_result"
    }
   ],
   "source": [
    "data.dtypes\n",
    "\n",
    "data = data.fillna('0')\n",
    "data.dtypes\n",
    "\n",
    "data['Q11'] = data['Q11'].astype('object')\n",
    "data.dtypes\n",
    "\n",
    "data = data.astype(int)\n",
    "data.dtypes"
   ]
  },
  {
   "cell_type": "code",
   "execution_count": 6,
   "metadata": {},
   "outputs": [
    {
     "data": {
      "text/html": [
       "<div>\n",
       "<style scoped>\n",
       "    .dataframe tbody tr th:only-of-type {\n",
       "        vertical-align: middle;\n",
       "    }\n",
       "\n",
       "    .dataframe tbody tr th {\n",
       "        vertical-align: top;\n",
       "    }\n",
       "\n",
       "    .dataframe thead th {\n",
       "        text-align: right;\n",
       "    }\n",
       "</style>\n",
       "<table border=\"1\" class=\"dataframe\">\n",
       "  <thead>\n",
       "    <tr style=\"text-align: right;\">\n",
       "      <th></th>\n",
       "      <th>Q1</th>\n",
       "      <th>Q2</th>\n",
       "      <th>Q3</th>\n",
       "      <th>Q4</th>\n",
       "      <th>Q5</th>\n",
       "      <th>Q6</th>\n",
       "      <th>Q7</th>\n",
       "      <th>Q8</th>\n",
       "      <th>Q9</th>\n",
       "      <th>Q10</th>\n",
       "      <th>Q11</th>\n",
       "      <th>Q12</th>\n",
       "      <th>Q13</th>\n",
       "      <th>Q14</th>\n",
       "      <th>Q15</th>\n",
       "      <th>Q16</th>\n",
       "      <th>Q17</th>\n",
       "      <th>Q18</th>\n",
       "      <th>Q19</th>\n",
       "    </tr>\n",
       "  </thead>\n",
       "  <tbody>\n",
       "    <tr>\n",
       "      <th>Q1</th>\n",
       "      <td>1.000000</td>\n",
       "      <td>0.052931</td>\n",
       "      <td>0.068867</td>\n",
       "      <td>0.013618</td>\n",
       "      <td>0.016157</td>\n",
       "      <td>0.088083</td>\n",
       "      <td>0.102002</td>\n",
       "      <td>0.019710</td>\n",
       "      <td>0.031665</td>\n",
       "      <td>0.055024</td>\n",
       "      <td>0.039630</td>\n",
       "      <td>-0.019989</td>\n",
       "      <td>0.085029</td>\n",
       "      <td>-0.083217</td>\n",
       "      <td>-0.058555</td>\n",
       "      <td>-0.024043</td>\n",
       "      <td>-0.005821</td>\n",
       "      <td>-0.001560</td>\n",
       "      <td>0.074573</td>\n",
       "    </tr>\n",
       "    <tr>\n",
       "      <th>Q2</th>\n",
       "      <td>0.052931</td>\n",
       "      <td>1.000000</td>\n",
       "      <td>-0.064308</td>\n",
       "      <td>0.115578</td>\n",
       "      <td>-0.065498</td>\n",
       "      <td>-0.008639</td>\n",
       "      <td>0.141730</td>\n",
       "      <td>0.004277</td>\n",
       "      <td>0.065073</td>\n",
       "      <td>0.037076</td>\n",
       "      <td>-0.016444</td>\n",
       "      <td>0.042710</td>\n",
       "      <td>0.008053</td>\n",
       "      <td>0.038740</td>\n",
       "      <td>0.039973</td>\n",
       "      <td>0.082803</td>\n",
       "      <td>0.041328</td>\n",
       "      <td>-0.034164</td>\n",
       "      <td>-0.020156</td>\n",
       "    </tr>\n",
       "    <tr>\n",
       "      <th>Q3</th>\n",
       "      <td>0.068867</td>\n",
       "      <td>-0.064308</td>\n",
       "      <td>1.000000</td>\n",
       "      <td>0.033858</td>\n",
       "      <td>0.060761</td>\n",
       "      <td>0.019538</td>\n",
       "      <td>-0.032606</td>\n",
       "      <td>0.170966</td>\n",
       "      <td>0.063767</td>\n",
       "      <td>0.031299</td>\n",
       "      <td>0.014207</td>\n",
       "      <td>-0.057906</td>\n",
       "      <td>0.058145</td>\n",
       "      <td>-0.077345</td>\n",
       "      <td>0.031366</td>\n",
       "      <td>-0.011691</td>\n",
       "      <td>0.055316</td>\n",
       "      <td>-0.036659</td>\n",
       "      <td>0.026667</td>\n",
       "    </tr>\n",
       "    <tr>\n",
       "      <th>Q4</th>\n",
       "      <td>0.013618</td>\n",
       "      <td>0.115578</td>\n",
       "      <td>0.033858</td>\n",
       "      <td>1.000000</td>\n",
       "      <td>-0.062503</td>\n",
       "      <td>0.166528</td>\n",
       "      <td>0.135753</td>\n",
       "      <td>0.337462</td>\n",
       "      <td>0.350100</td>\n",
       "      <td>0.217993</td>\n",
       "      <td>0.197465</td>\n",
       "      <td>0.150056</td>\n",
       "      <td>0.144075</td>\n",
       "      <td>0.176530</td>\n",
       "      <td>0.254906</td>\n",
       "      <td>0.168759</td>\n",
       "      <td>0.209259</td>\n",
       "      <td>0.222728</td>\n",
       "      <td>-0.048902</td>\n",
       "    </tr>\n",
       "    <tr>\n",
       "      <th>Q5</th>\n",
       "      <td>0.016157</td>\n",
       "      <td>-0.065498</td>\n",
       "      <td>0.060761</td>\n",
       "      <td>-0.062503</td>\n",
       "      <td>1.000000</td>\n",
       "      <td>-0.238423</td>\n",
       "      <td>-0.352118</td>\n",
       "      <td>-0.051211</td>\n",
       "      <td>-0.058682</td>\n",
       "      <td>-0.111756</td>\n",
       "      <td>-0.059522</td>\n",
       "      <td>-0.040206</td>\n",
       "      <td>-0.030917</td>\n",
       "      <td>-0.083976</td>\n",
       "      <td>-0.042059</td>\n",
       "      <td>-0.131479</td>\n",
       "      <td>-0.032994</td>\n",
       "      <td>-0.026359</td>\n",
       "      <td>0.174987</td>\n",
       "    </tr>\n",
       "    <tr>\n",
       "      <th>Q6</th>\n",
       "      <td>0.088083</td>\n",
       "      <td>-0.008639</td>\n",
       "      <td>0.019538</td>\n",
       "      <td>0.166528</td>\n",
       "      <td>-0.238423</td>\n",
       "      <td>1.000000</td>\n",
       "      <td>0.094794</td>\n",
       "      <td>0.120770</td>\n",
       "      <td>0.151825</td>\n",
       "      <td>-0.000683</td>\n",
       "      <td>0.084281</td>\n",
       "      <td>0.052783</td>\n",
       "      <td>0.128416</td>\n",
       "      <td>0.009999</td>\n",
       "      <td>0.089348</td>\n",
       "      <td>0.120864</td>\n",
       "      <td>0.115872</td>\n",
       "      <td>0.042234</td>\n",
       "      <td>-0.013481</td>\n",
       "    </tr>\n",
       "    <tr>\n",
       "      <th>Q7</th>\n",
       "      <td>0.102002</td>\n",
       "      <td>0.141730</td>\n",
       "      <td>-0.032606</td>\n",
       "      <td>0.135753</td>\n",
       "      <td>-0.352118</td>\n",
       "      <td>0.094794</td>\n",
       "      <td>1.000000</td>\n",
       "      <td>0.064968</td>\n",
       "      <td>0.064451</td>\n",
       "      <td>0.067541</td>\n",
       "      <td>0.056561</td>\n",
       "      <td>0.125111</td>\n",
       "      <td>0.080554</td>\n",
       "      <td>0.057801</td>\n",
       "      <td>0.066611</td>\n",
       "      <td>0.070000</td>\n",
       "      <td>0.075499</td>\n",
       "      <td>0.030391</td>\n",
       "      <td>-0.100708</td>\n",
       "    </tr>\n",
       "    <tr>\n",
       "      <th>Q8</th>\n",
       "      <td>0.019710</td>\n",
       "      <td>0.004277</td>\n",
       "      <td>0.170966</td>\n",
       "      <td>0.337462</td>\n",
       "      <td>-0.051211</td>\n",
       "      <td>0.120770</td>\n",
       "      <td>0.064968</td>\n",
       "      <td>1.000000</td>\n",
       "      <td>0.660861</td>\n",
       "      <td>0.492220</td>\n",
       "      <td>0.352097</td>\n",
       "      <td>0.219352</td>\n",
       "      <td>0.265661</td>\n",
       "      <td>0.284140</td>\n",
       "      <td>0.153118</td>\n",
       "      <td>0.237094</td>\n",
       "      <td>0.300820</td>\n",
       "      <td>0.194004</td>\n",
       "      <td>-0.053120</td>\n",
       "    </tr>\n",
       "    <tr>\n",
       "      <th>Q9</th>\n",
       "      <td>0.031665</td>\n",
       "      <td>0.065073</td>\n",
       "      <td>0.063767</td>\n",
       "      <td>0.350100</td>\n",
       "      <td>-0.058682</td>\n",
       "      <td>0.151825</td>\n",
       "      <td>0.064451</td>\n",
       "      <td>0.660861</td>\n",
       "      <td>1.000000</td>\n",
       "      <td>0.464759</td>\n",
       "      <td>0.396543</td>\n",
       "      <td>0.152666</td>\n",
       "      <td>0.181535</td>\n",
       "      <td>0.240001</td>\n",
       "      <td>0.251061</td>\n",
       "      <td>0.185706</td>\n",
       "      <td>0.161921</td>\n",
       "      <td>0.126031</td>\n",
       "      <td>-0.012275</td>\n",
       "    </tr>\n",
       "    <tr>\n",
       "      <th>Q10</th>\n",
       "      <td>0.055024</td>\n",
       "      <td>0.037076</td>\n",
       "      <td>0.031299</td>\n",
       "      <td>0.217993</td>\n",
       "      <td>-0.111756</td>\n",
       "      <td>-0.000683</td>\n",
       "      <td>0.067541</td>\n",
       "      <td>0.492220</td>\n",
       "      <td>0.464759</td>\n",
       "      <td>1.000000</td>\n",
       "      <td>0.261814</td>\n",
       "      <td>0.200223</td>\n",
       "      <td>0.206374</td>\n",
       "      <td>0.220462</td>\n",
       "      <td>0.147538</td>\n",
       "      <td>0.213246</td>\n",
       "      <td>0.147586</td>\n",
       "      <td>0.143200</td>\n",
       "      <td>-0.120495</td>\n",
       "    </tr>\n",
       "    <tr>\n",
       "      <th>Q11</th>\n",
       "      <td>0.039630</td>\n",
       "      <td>-0.016444</td>\n",
       "      <td>0.014207</td>\n",
       "      <td>0.197465</td>\n",
       "      <td>-0.059522</td>\n",
       "      <td>0.084281</td>\n",
       "      <td>0.056561</td>\n",
       "      <td>0.352097</td>\n",
       "      <td>0.396543</td>\n",
       "      <td>0.261814</td>\n",
       "      <td>1.000000</td>\n",
       "      <td>0.287774</td>\n",
       "      <td>0.292067</td>\n",
       "      <td>0.312461</td>\n",
       "      <td>0.318080</td>\n",
       "      <td>0.285839</td>\n",
       "      <td>0.253903</td>\n",
       "      <td>0.157711</td>\n",
       "      <td>-0.105226</td>\n",
       "    </tr>\n",
       "    <tr>\n",
       "      <th>Q12</th>\n",
       "      <td>-0.019989</td>\n",
       "      <td>0.042710</td>\n",
       "      <td>-0.057906</td>\n",
       "      <td>0.150056</td>\n",
       "      <td>-0.040206</td>\n",
       "      <td>0.052783</td>\n",
       "      <td>0.125111</td>\n",
       "      <td>0.219352</td>\n",
       "      <td>0.152666</td>\n",
       "      <td>0.200223</td>\n",
       "      <td>0.287774</td>\n",
       "      <td>1.000000</td>\n",
       "      <td>0.390249</td>\n",
       "      <td>0.430944</td>\n",
       "      <td>0.430347</td>\n",
       "      <td>0.307608</td>\n",
       "      <td>0.373468</td>\n",
       "      <td>0.229967</td>\n",
       "      <td>-0.113441</td>\n",
       "    </tr>\n",
       "    <tr>\n",
       "      <th>Q13</th>\n",
       "      <td>0.085029</td>\n",
       "      <td>0.008053</td>\n",
       "      <td>0.058145</td>\n",
       "      <td>0.144075</td>\n",
       "      <td>-0.030917</td>\n",
       "      <td>0.128416</td>\n",
       "      <td>0.080554</td>\n",
       "      <td>0.265661</td>\n",
       "      <td>0.181535</td>\n",
       "      <td>0.206374</td>\n",
       "      <td>0.292067</td>\n",
       "      <td>0.390249</td>\n",
       "      <td>1.000000</td>\n",
       "      <td>0.320580</td>\n",
       "      <td>0.311906</td>\n",
       "      <td>0.338632</td>\n",
       "      <td>0.411833</td>\n",
       "      <td>0.225371</td>\n",
       "      <td>0.021112</td>\n",
       "    </tr>\n",
       "    <tr>\n",
       "      <th>Q14</th>\n",
       "      <td>-0.083217</td>\n",
       "      <td>0.038740</td>\n",
       "      <td>-0.077345</td>\n",
       "      <td>0.176530</td>\n",
       "      <td>-0.083976</td>\n",
       "      <td>0.009999</td>\n",
       "      <td>0.057801</td>\n",
       "      <td>0.284140</td>\n",
       "      <td>0.240001</td>\n",
       "      <td>0.220462</td>\n",
       "      <td>0.312461</td>\n",
       "      <td>0.430944</td>\n",
       "      <td>0.320580</td>\n",
       "      <td>1.000000</td>\n",
       "      <td>0.472911</td>\n",
       "      <td>0.453495</td>\n",
       "      <td>0.433872</td>\n",
       "      <td>0.299938</td>\n",
       "      <td>-0.038541</td>\n",
       "    </tr>\n",
       "    <tr>\n",
       "      <th>Q15</th>\n",
       "      <td>-0.058555</td>\n",
       "      <td>0.039973</td>\n",
       "      <td>0.031366</td>\n",
       "      <td>0.254906</td>\n",
       "      <td>-0.042059</td>\n",
       "      <td>0.089348</td>\n",
       "      <td>0.066611</td>\n",
       "      <td>0.153118</td>\n",
       "      <td>0.251061</td>\n",
       "      <td>0.147538</td>\n",
       "      <td>0.318080</td>\n",
       "      <td>0.430347</td>\n",
       "      <td>0.311906</td>\n",
       "      <td>0.472911</td>\n",
       "      <td>1.000000</td>\n",
       "      <td>0.588394</td>\n",
       "      <td>0.443020</td>\n",
       "      <td>0.318852</td>\n",
       "      <td>-0.097969</td>\n",
       "    </tr>\n",
       "    <tr>\n",
       "      <th>Q16</th>\n",
       "      <td>-0.024043</td>\n",
       "      <td>0.082803</td>\n",
       "      <td>-0.011691</td>\n",
       "      <td>0.168759</td>\n",
       "      <td>-0.131479</td>\n",
       "      <td>0.120864</td>\n",
       "      <td>0.070000</td>\n",
       "      <td>0.237094</td>\n",
       "      <td>0.185706</td>\n",
       "      <td>0.213246</td>\n",
       "      <td>0.285839</td>\n",
       "      <td>0.307608</td>\n",
       "      <td>0.338632</td>\n",
       "      <td>0.453495</td>\n",
       "      <td>0.588394</td>\n",
       "      <td>1.000000</td>\n",
       "      <td>0.484879</td>\n",
       "      <td>0.320520</td>\n",
       "      <td>-0.127350</td>\n",
       "    </tr>\n",
       "    <tr>\n",
       "      <th>Q17</th>\n",
       "      <td>-0.005821</td>\n",
       "      <td>0.041328</td>\n",
       "      <td>0.055316</td>\n",
       "      <td>0.209259</td>\n",
       "      <td>-0.032994</td>\n",
       "      <td>0.115872</td>\n",
       "      <td>0.075499</td>\n",
       "      <td>0.300820</td>\n",
       "      <td>0.161921</td>\n",
       "      <td>0.147586</td>\n",
       "      <td>0.253903</td>\n",
       "      <td>0.373468</td>\n",
       "      <td>0.411833</td>\n",
       "      <td>0.433872</td>\n",
       "      <td>0.443020</td>\n",
       "      <td>0.484879</td>\n",
       "      <td>1.000000</td>\n",
       "      <td>0.269875</td>\n",
       "      <td>-0.011435</td>\n",
       "    </tr>\n",
       "    <tr>\n",
       "      <th>Q18</th>\n",
       "      <td>-0.001560</td>\n",
       "      <td>-0.034164</td>\n",
       "      <td>-0.036659</td>\n",
       "      <td>0.222728</td>\n",
       "      <td>-0.026359</td>\n",
       "      <td>0.042234</td>\n",
       "      <td>0.030391</td>\n",
       "      <td>0.194004</td>\n",
       "      <td>0.126031</td>\n",
       "      <td>0.143200</td>\n",
       "      <td>0.157711</td>\n",
       "      <td>0.229967</td>\n",
       "      <td>0.225371</td>\n",
       "      <td>0.299938</td>\n",
       "      <td>0.318852</td>\n",
       "      <td>0.320520</td>\n",
       "      <td>0.269875</td>\n",
       "      <td>1.000000</td>\n",
       "      <td>-0.109171</td>\n",
       "    </tr>\n",
       "    <tr>\n",
       "      <th>Q19</th>\n",
       "      <td>0.074573</td>\n",
       "      <td>-0.020156</td>\n",
       "      <td>0.026667</td>\n",
       "      <td>-0.048902</td>\n",
       "      <td>0.174987</td>\n",
       "      <td>-0.013481</td>\n",
       "      <td>-0.100708</td>\n",
       "      <td>-0.053120</td>\n",
       "      <td>-0.012275</td>\n",
       "      <td>-0.120495</td>\n",
       "      <td>-0.105226</td>\n",
       "      <td>-0.113441</td>\n",
       "      <td>0.021112</td>\n",
       "      <td>-0.038541</td>\n",
       "      <td>-0.097969</td>\n",
       "      <td>-0.127350</td>\n",
       "      <td>-0.011435</td>\n",
       "      <td>-0.109171</td>\n",
       "      <td>1.000000</td>\n",
       "    </tr>\n",
       "  </tbody>\n",
       "</table>\n",
       "</div>"
      ],
      "text/plain": [
       "           Q1        Q2        Q3        Q4        Q5        Q6        Q7  \\\n",
       "Q1   1.000000  0.052931  0.068867  0.013618  0.016157  0.088083  0.102002   \n",
       "Q2   0.052931  1.000000 -0.064308  0.115578 -0.065498 -0.008639  0.141730   \n",
       "Q3   0.068867 -0.064308  1.000000  0.033858  0.060761  0.019538 -0.032606   \n",
       "Q4   0.013618  0.115578  0.033858  1.000000 -0.062503  0.166528  0.135753   \n",
       "Q5   0.016157 -0.065498  0.060761 -0.062503  1.000000 -0.238423 -0.352118   \n",
       "Q6   0.088083 -0.008639  0.019538  0.166528 -0.238423  1.000000  0.094794   \n",
       "Q7   0.102002  0.141730 -0.032606  0.135753 -0.352118  0.094794  1.000000   \n",
       "Q8   0.019710  0.004277  0.170966  0.337462 -0.051211  0.120770  0.064968   \n",
       "Q9   0.031665  0.065073  0.063767  0.350100 -0.058682  0.151825  0.064451   \n",
       "Q10  0.055024  0.037076  0.031299  0.217993 -0.111756 -0.000683  0.067541   \n",
       "Q11  0.039630 -0.016444  0.014207  0.197465 -0.059522  0.084281  0.056561   \n",
       "Q12 -0.019989  0.042710 -0.057906  0.150056 -0.040206  0.052783  0.125111   \n",
       "Q13  0.085029  0.008053  0.058145  0.144075 -0.030917  0.128416  0.080554   \n",
       "Q14 -0.083217  0.038740 -0.077345  0.176530 -0.083976  0.009999  0.057801   \n",
       "Q15 -0.058555  0.039973  0.031366  0.254906 -0.042059  0.089348  0.066611   \n",
       "Q16 -0.024043  0.082803 -0.011691  0.168759 -0.131479  0.120864  0.070000   \n",
       "Q17 -0.005821  0.041328  0.055316  0.209259 -0.032994  0.115872  0.075499   \n",
       "Q18 -0.001560 -0.034164 -0.036659  0.222728 -0.026359  0.042234  0.030391   \n",
       "Q19  0.074573 -0.020156  0.026667 -0.048902  0.174987 -0.013481 -0.100708   \n",
       "\n",
       "           Q8        Q9       Q10       Q11       Q12       Q13       Q14  \\\n",
       "Q1   0.019710  0.031665  0.055024  0.039630 -0.019989  0.085029 -0.083217   \n",
       "Q2   0.004277  0.065073  0.037076 -0.016444  0.042710  0.008053  0.038740   \n",
       "Q3   0.170966  0.063767  0.031299  0.014207 -0.057906  0.058145 -0.077345   \n",
       "Q4   0.337462  0.350100  0.217993  0.197465  0.150056  0.144075  0.176530   \n",
       "Q5  -0.051211 -0.058682 -0.111756 -0.059522 -0.040206 -0.030917 -0.083976   \n",
       "Q6   0.120770  0.151825 -0.000683  0.084281  0.052783  0.128416  0.009999   \n",
       "Q7   0.064968  0.064451  0.067541  0.056561  0.125111  0.080554  0.057801   \n",
       "Q8   1.000000  0.660861  0.492220  0.352097  0.219352  0.265661  0.284140   \n",
       "Q9   0.660861  1.000000  0.464759  0.396543  0.152666  0.181535  0.240001   \n",
       "Q10  0.492220  0.464759  1.000000  0.261814  0.200223  0.206374  0.220462   \n",
       "Q11  0.352097  0.396543  0.261814  1.000000  0.287774  0.292067  0.312461   \n",
       "Q12  0.219352  0.152666  0.200223  0.287774  1.000000  0.390249  0.430944   \n",
       "Q13  0.265661  0.181535  0.206374  0.292067  0.390249  1.000000  0.320580   \n",
       "Q14  0.284140  0.240001  0.220462  0.312461  0.430944  0.320580  1.000000   \n",
       "Q15  0.153118  0.251061  0.147538  0.318080  0.430347  0.311906  0.472911   \n",
       "Q16  0.237094  0.185706  0.213246  0.285839  0.307608  0.338632  0.453495   \n",
       "Q17  0.300820  0.161921  0.147586  0.253903  0.373468  0.411833  0.433872   \n",
       "Q18  0.194004  0.126031  0.143200  0.157711  0.229967  0.225371  0.299938   \n",
       "Q19 -0.053120 -0.012275 -0.120495 -0.105226 -0.113441  0.021112 -0.038541   \n",
       "\n",
       "          Q15       Q16       Q17       Q18       Q19  \n",
       "Q1  -0.058555 -0.024043 -0.005821 -0.001560  0.074573  \n",
       "Q2   0.039973  0.082803  0.041328 -0.034164 -0.020156  \n",
       "Q3   0.031366 -0.011691  0.055316 -0.036659  0.026667  \n",
       "Q4   0.254906  0.168759  0.209259  0.222728 -0.048902  \n",
       "Q5  -0.042059 -0.131479 -0.032994 -0.026359  0.174987  \n",
       "Q6   0.089348  0.120864  0.115872  0.042234 -0.013481  \n",
       "Q7   0.066611  0.070000  0.075499  0.030391 -0.100708  \n",
       "Q8   0.153118  0.237094  0.300820  0.194004 -0.053120  \n",
       "Q9   0.251061  0.185706  0.161921  0.126031 -0.012275  \n",
       "Q10  0.147538  0.213246  0.147586  0.143200 -0.120495  \n",
       "Q11  0.318080  0.285839  0.253903  0.157711 -0.105226  \n",
       "Q12  0.430347  0.307608  0.373468  0.229967 -0.113441  \n",
       "Q13  0.311906  0.338632  0.411833  0.225371  0.021112  \n",
       "Q14  0.472911  0.453495  0.433872  0.299938 -0.038541  \n",
       "Q15  1.000000  0.588394  0.443020  0.318852 -0.097969  \n",
       "Q16  0.588394  1.000000  0.484879  0.320520 -0.127350  \n",
       "Q17  0.443020  0.484879  1.000000  0.269875 -0.011435  \n",
       "Q18  0.318852  0.320520  0.269875  1.000000 -0.109171  \n",
       "Q19 -0.097969 -0.127350 -0.011435 -0.109171  1.000000  "
      ]
     },
     "execution_count": 6,
     "metadata": {},
     "output_type": "execute_result"
    }
   ],
   "source": [
    "data.corr()"
   ]
  },
  {
   "cell_type": "code",
   "execution_count": 7,
   "metadata": {},
   "outputs": [
    {
     "data": {
